c  Weighted graph: number of common reactions
c  among pairs of reactants/products.
c  It counts all reactions where metabolites
c  comes, no matter the side.
c  Threshold =   1, for edges admission
c  nodes n =      991    #(real nodes) =      991
c  edges m =     4161
c
p edges    991      4161
e      1     7     2
e      1     9     2
e      1   145     2
e      1   156     1
e      1   164     1
e      1   165     1
e      1   199     2
e      1   233     2
e      1   420     1
e      1   711     2
e      1   878     4
e      2   146     2
e      2   157     1
e      2   200     2
e      2   234     2
e      2   421     1
e      2   583     1
e      2   671     1
e      2   712     2
e      2   879     2
e      3   288     1
e      3   506     1
e      3   649     1
e      4   215     1
e      4   967     1
e      4   969     1
e      5   855     1
e      5   965     1
e      5   966     1
e      6     8     2
e      6   199     2
e      6   223     2
e      6   233     2
e      6   288     2
e      6   541     2
e      6   711     2
e      7     8     2
e      7     9     2
e      7   330     1
e      7   425     2
e      7   555     1
e      7   558     1
e      7   648     1
e      7   878     2
e      8   199     2
e      8   233     2
e      8   425     2
e      8   541     2
e      8   711     2
e      9   502     2
e      9   878     2
e     10   338     2
e     10   642     2
e     11   139     1
e     11   149     1
e     11   288     1
e     11   346     1
e     11   548     1
e     11   607     1
e     11   777     1
e     12   216     1
e     12   642     1
e     12   711     1
e     13    15     2
e     13    17     2
e     13   199     2
e     13   233     2
e     13   274     1
e     13   286     1
e     13   311     2
e     13   508     1
e     13   509     1
e     13   510     2
e     13   511     1
e     13   625     1
e     13   626     1
e     13   642     1
e     13   731     1
e     13   775     2
e     14    15     2
e     14   199     1
e     14   233     1
e     14   775     1
e     15   199     2
e     15   233     2
e     15   775     2
e     16    17     2
e     16   199     1
e     16   233     1
e     16   350     1
e     16   364     1
e     16   775     1
e     17   199     2
e     17   233     2
e     17   775     2
e     18   511     1
e     18   731     1
e     19   121     2
e     20    21     1
e     20   831     1
e     20   833     1
e     21   831     1
e     21   833     1
e     22   152     1
e     22   420     1
e     22   469     1
e     22   672     1
e     22   775     1
e     23    54     1
e     23   289     1
e     23   665     1
e     23   666     1
e     23   778     1
e     23   780     1
e     24    25     2
e     25   289     1
e     25   665     1
e     25   666     1
e     25   778     1
e     25   783     1
e     26    32     1
e     26    72     1
e     26   288     1
e     26   724     1
e     27    28     1
e     27    29     1
e     27   355     1
e     27   460     1
e     27   711     2
e     28   355     1
e     28   420     1
e     28   469     1
e     28   711     1
e     28   775     1
e     29    30     1
e     29   130     1
e     29   224     1
e     29   233     1
e     29   356     1
e     29   460     1
e     30   130     1
e     30   224     1
e     30   233     1
e     30   356     1
e     30   775     1
e     31    32     1
e     31    51     1
e     31   659     1
e     31   660     1
e     31   663     1
e     31   664     1
e     31   672     1
e     32   288     1
e     32   659     1
e     32   660     1
e     33    68     1
e     33   332     1
e     33   711     2
e     33   748     1
e     34   147     1
e     34   663     1
e     34   664     1
e     34   781     1
e     34   818     1
e     34   878     1
e     35   665     1
e     35   666     1
e     35   819     1
e     36   199     1
e     36   233     1
e     36   325     1
e     37   165     1
e     37   199     2
e     37   223     1
e     37   233     2
e     37   555     1
e     37   558     1
e     37   711     2
e     38    55     1
e     38   183     1
e     38   291     1
e     39    56     1
e     39   184     1
e     39   246     2
e     39   292     1
e     40    41     2
e     40    42     2
e     40    66     1
e     40    88     2
e     40   288     1
e     40   659     1
e     40   660     1
e     41   184     1
e     41   292     1
e     41   782     1
e     43   127     1
e     43   142     1
e     43   199     1
e     43   233     1
e     43   775     1
e     43   885     1
e     44    46     1
e     44    71     1
e     44   725     1
e     44   832     1
e     44   834     1
e     45    47     1
e     45    49     1
e     45   724     1
e     45   831     1
e     45   833     1
e     46    48     1
e     46   725     1
e     46   832     1
e     46   834     1
e     47   831     1
e     47   833     1
e     48   725     1
e     49   104     1
e     49   288     1
e     49   724     1
e     50    55     2
e     50   555     2
e     50   704     2
e     51    52     1
e     51    55     2
e     51   527     2
e     51   555     2
e     51   663     1
e     51   664     1
e     51   672     1
e     52   289     2
e     52   717     2
e     53   547     1
e     53   548     1
e     53   599     1
e     53   672     4
e     53   713     2
e     53   862     2
e     54   289     1
e     54   600     1
e     54   673     1
e     54   778     1
e     55    56     2
e     55    59     3
e     55    66     2
e     55    86     1
e     55   102     2
e     55   122     1
e     55   123     1
e     55   131     1
e     55   183     1
e     55   205     4
e     55   288     1
e     55   291     1
e     55   487     2
e     55   527     2
e     55   531     2
e     55   541     2
e     55   555    26
e     55   556     1
e     55   558     1
e     55   565     1
e     55   569     2
e     55   574     2
e     55   578     2
e     55   587     1
e     55   589     2
e     55   607     3
e     55   610     2
e     55   614     2
e     55   623     2
e     55   651     2
e     55   659     4
e     55   660     4
e     55   663     1
e     55   664     1
e     55   672     2
e     55   704     2
e     55   714     2
e     55   716     2
e     55   717     2
e     55   718     1
e     55   735     2
e     55   777     2
e     55   781     2
e     55   864     1
e     56    67     2
e     56   103     2
e     56   184     1
e     56   289     3
e     56   292     2
e     56   446     9
e     56   519     1
e     56   532     2
e     56   543     2
e     56   570     2
e     56   575     2
e     56   647     1
e     56   656     1
e     56   661     2
e     56   662     2
e     56   715     2
e     56   716     2
e     56   717     2
e     56   719     1
e     56   778     2
e     56   865     1
e     57   672     1
e     57   734     1
e     58   120     2
e     58   748     2
e     59   288     3
e     59   493     1
e     59   555     3
e     59   607     3
e     59   659     1
e     59   660     1
e     59   663     1
e     59   664     1
e     59   724     1
e     59   758     2
e     60   224     1
e     60   233     1
e     60   775     1
e     61   286     1
e     62   304     1
e     63   464     1
e     64   502     1
e     65   133     1
e     65   476     3
e     65   645     2
e     65   646     1
e     65   658     2
e     65   724     3
e     66    67     2
e     66   288     1
e     66   555     2
e     66   574     2
e     66   659     1
e     66   660     1
e     67   446     2
e     67   575     2
e     68    69     1
e     68   711     1
e     69   663     1
e     69   664     1
e     69   843     1
e     70   288     1
e     70   291     1
e     70   483     1
e     70   596     1
e     70   663     1
e     70   664     1
e     70   857     1
e     71   725     1
e     71   832     1
e     71   834     1
e     71   965     1
e     72    84     1
e     72   531     1
e     72   724     1
e     73    90     1
e     73   475     1
e     73   659     1
e     73   660     1
e     73   914     1
e     74    91     2
e     74   659     1
e     74   660     1
e     74   663     1
e     74   664     1
e     74   894     2
e     75    92     2
e     75   659     1
e     75   660     1
e     75   663     1
e     75   664     1
e     75   896     2
e     76    93     2
e     76   659     1
e     76   660     1
e     76   663     1
e     76   664     1
e     76   898     2
e     77    94     1
e     77   663     1
e     77   664     1
e     77   899     1
e     78    95     1
e     78   663     2
e     78   664     2
e     78   790     1
e     78   900     1
e     79    96     1
e     79   663     1
e     79   664     1
e     79   901     1
e     80    97     1
e     80   663     1
e     80   664     1
e     80   902     1
e     81    98     1
e     81   659     1
e     81   660     1
e     81   903     1
e     82    99     1
e     82   659     1
e     82   660     1
e     82   904     1
e     83   100     1
e     83   475     1
e     83   659     1
e     83   660     1
e     83   917     1
e     84   531     1
e     84   573     1
e     84   663     1
e     84   664     1
e     84   724     1
e     85   101     1
e     85   659     1
e     85   660     1
e     85   918     1
e     86   331     1
e     86   555     1
e     86   565     1
e     87   505     1
e     87   672     1
e     88    89     2
e     90   183     1
e     90   291     1
e     90   659     1
e     90   660     1
e     91   183     1
e     91   291     2
e     91   368     2
e     91   620     1
e     91   659     1
e     91   660     1
e     91   663     1
e     91   664     1
e     92   183     1
e     92   291     2
e     92   620     1
e     92   659     1
e     92   660     1
e     92   663     1
e     92   664     1
e     92   877     2
e     93   183     1
e     93   291     2
e     93   483     2
e     93   620     1
e     93   659     1
e     93   660     1
e     93   663     1
e     93   664     1
e     94   291     1
e     94   620     1
e     94   663     1
e     94   664     1
e     94   697     1
e     95   259     1
e     95   291     1
e     95   620     1
e     95   663     1
e     95   664     1
e     96   260     1
e     96   291     1
e     96   620     1
e     96   663     1
e     96   664     1
e     97   262     1
e     97   291     1
e     97   620     1
e     97   663     1
e     97   664     1
e     98   183     1
e     98   291     1
e     98   659     1
e     98   660     1
e     98   700     1
e     99   183     1
e     99   291     1
e     99   320     1
e     99   659     1
e     99   660     1
e    100   183     1
e    100   247     1
e    100   291     1
e    100   659     1
e    100   660     1
e    101   183     1
e    101   291     1
e    101   486     1
e    101   659     1
e    101   660     1
e    102   103     2
e    102   555     2
e    102   569     2
e    103   446     2
e    103   570     2
e    103   780     1
e    104   138     1
e    104   210     1
e    104   288     1
e    104   775     1
e    105   187     1
e    105   288     1
e    105   618     1
e    105   663     2
e    105   664     2
e    105   698     1
e    105   786     2
e    106   188     1
e    106   289     1
e    106   619     1
e    106   665     2
e    106   666     2
e    106   699     1
e    106   787     2
e    107   187     1
e    107   288     1
e    107   318     1
e    107   618     1
e    107   663     2
e    107   664     2
e    107   788     2
e    108   188     1
e    108   289     1
e    108   319     1
e    108   619     1
e    108   665     2
e    108   666     2
e    108   789     2
e    109   187     1
e    109   288     1
e    109   618     1
e    109   663     2
e    109   664     2
e    109   791     2
e    109   875     1
e    110   188     1
e    110   289     1
e    110   619     1
e    110   665     2
e    110   666     2
e    110   792     2
e    110   876     1
e    111   187     1
e    111   248     1
e    111   288     1
e    111   618     1
e    111   663     2
e    111   664     2
e    111   793     2
e    112   188     1
e    112   249     1
e    112   289     1
e    112   619     1
e    112   665     2
e    112   666     2
e    112   794     2
e    113   187     1
e    113   288     1
e    113   481     1
e    113   618     1
e    113   663     2
e    113   664     2
e    113   795     2
e    114   188     1
e    114   289     1
e    114   482     1
e    114   619     1
e    114   665     2
e    114   666     2
e    114   796     2
e    115   187     1
e    115   288     1
e    115   484     1
e    115   618     1
e    115   663     2
e    115   664     2
e    115   797     2
e    116   188     1
e    116   289     1
e    116   485     1
e    116   619     1
e    116   665     2
e    116   666     2
e    116   798     2
e    117   187     1
e    117   288     1
e    117   366     1
e    117   618     1
e    117   663     2
e    117   664     2
e    117   799     2
e    118   188     1
e    118   289     1
e    118   367     1
e    118   619     1
e    118   665     2
e    118   666     2
e    118   800     2
e    119   195     1
e    119   197     1
e    119   199     1
e    119   233     1
e    119   722     1
e    119   806     1
e    119   871     1
e    120   121     2
e    120   122     1
e    120   199     2
e    120   233     2
e    120   659     1
e    120   660     1
e    121   199     2
e    121   233     2
e    121   346     2
e    121   659     2
e    121   660     2
e    121   711     2
e    122   123     1
e    122   555     1
e    122   659     1
e    122   660     1
e    123   555     1
e    123   596     1
e    123   711     1
e    124   125     1
e    124   534     1
e    124   663     1
e    124   664     1
e    124   720     1
e    124   724     1
e    124   805     1
e    125   126     2
e    125   513     1
e    125   663     1
e    125   664     1
e    125   724     1
e    127   129     1
e    127   199     2
e    127   233     2
e    128   130     1
e    128   281     1
e    128   555     1
e    128   558     1
e    128   777     1
e    129   199     1
e    129   223     1
e    129   233     1
e    130   356     2
e    130   775     1
e    130   777     1
e    131   288     1
e    131   429     1
e    131   487     1
e    131   555     2
e    131   864     1
e    132   134     1
e    132   661     1
e    132   662     1
e    133   476     1
e    133   658     1
e    133   724     1
e    134   661     1
e    134   662     1
e    135   141     1
e    135   176     1
e    135   425     1
e    136   137     1
e    136   672     1
e    137   672     1
e    138   210     1
e    138   281     1
e    138   775     1
e    138   777     1
e    139   149     1
e    139   288     1
e    139   548     1
e    139   607     1
e    140   704     1
e    140   711     1
e    141   493     1
e    141   724     1
e    142   149     1
e    142   199     1
e    142   233     1
e    142   775     1
e    142   885     1
e    143   514     1
e    143   515     1
e    143   663     1
e    143   664     1
e    143   724     1
e    144   199     1
e    144   233     1
e    144   541     1
e    144   542     1
e    144   663     1
e    144   664     1
e    144   711     1
e    145   147     3
e    145   659     1
e    145   660     1
e    145   663     2
e    145   664     2
e    146   148     2
e    146   665     2
e    146   666     2
e    147   148     2
e    147   288     1
e    147   352     1
e    147   381     1
e    147   386     1
e    147   457     3
e    147   596     2
e    147   659     2
e    147   660     2
e    147   663     2
e    147   664     2
e    147   672     1
e    147   781     1
e    147   878     4
e    148   157     1
e    148   288     1
e    148   458     3
e    148   597     2
e    148   661     1
e    148   662     1
e    148   665     3
e    148   666     3
e    148   672     1
e    148   879     3
e    149   199     1
e    149   233     1
e    149   288     1
e    149   548     1
e    149   607     1
e    150   643     1
e    150   648     1
e    151   152     1
e    151   153     1
e    151   663     1
e    151   664     1
e    151   711     1
e    152   663     1
e    152   664     1
e    152   672     1
e    153   166     1
e    153   529     1
e    153   711     2
e    154   206     1
e    154   487     1
e    154   756     1
e    155   289     1
e    155   292     1
e    155   458     1
e    155   865     1
e    156   199     1
e    156   233     1
e    156   492     1
e    156   582     1
e    156   711     1
e    156   878     1
e    157   200     1
e    157   234     1
e    157   665     1
e    157   666     1
e    157   712     1
e    158   492     1
e    158   582     1
e    158   881     1
e    159   766     1
e    159   833     1
e    159   835     1
e    159   855     2
e    159   856     1
e    160   281     1
e    160   711     2
e    160   748     1
e    160   844     1
e    161   162     2
e    161   163     1
e    161   192     1
e    161   224     3
e    161   226     1
e    161   233     3
e    161   288     1
e    161   375     2
e    161   464     1
e    161   471     1
e    161   497     1
e    161   502     1
e    161   555     1
e    161   558     1
e    161   644     1
e    161   649     1
e    161   677     1
e    161   678     2
e    161   709     2
e    161   710     2
e    161   767     1
e    161   775    12
e    161   971     1
e    161   972     1
e    161   984     1
e    161   986     1
e    162   289     1
e    162   679     2
e    162   680     1
e    162   768     1
e    162   776     2
e    163   164     2
e    163   199     2
e    163   233     2
e    163   457     2
e    163   555     1
e    163   558     1
e    163   711     2
e    163   775     1
e    164   165     1
e    164   199     2
e    164   233     2
e    164   457     2
e    164   711     2
e    164   878     1
e    165   199     1
e    165   233     1
e    165   555     1
e    165   558     1
e    165   711     1
e    165   878     1
e    166   529     1
e    166   711     1
e    167   170     2
e    167   288     3
e    167   291     3
e    167   531     2
e    167   620     1
e    168   288     1
e    168   342     1
e    168   376     1
e    168   663     1
e    168   664     1
e    169   170     2
e    169   199     2
e    169   233     2
e    169   288     2
e    169   305     2
e    169   333     2
e    169   487     2
e    169   711     2
e    169   830     2
e    169   833     2
e    170   227     2
e    170   288     2
e    170   291     2
e    170   487     2
e    170   531     2
e    170   830     2
e    170   833     2
e    171   172     2
e    172   174     2
e    172   288     1
e    172   404     2
e    172   457     1
e    172   599     1
e    172   659     3
e    172   660     3
e    172   663     1
e    172   664     1
e    172   777     1
e    173   175     2
e    173   407     2
e    173   661     3
e    173   662     3
e    173   665     1
e    173   666     1
e    174   175     2
e    174   183     2
e    174   185     2
e    174   224     1
e    174   233     1
e    174   277     1
e    174   278     1
e    174   291     2
e    174   457     1
e    174   487     2
e    174   492     1
e    174   495     2
e    174   548     1
e    174   582     1
e    174   599     1
e    174   633     1
e    174   659     2
e    174   660     2
e    174   663     1
e    174   664     1
e    174   690     2
e    174   691     1
e    174   775     1
e    175   661     1
e    175   662     1
e    175   665     1
e    175   666     1
e    176   177     2
e    176   425     1
e    178   181     1
e    178   187     1
e    178   288     1
e    178   618     1
e    178   663     2
e    178   664     2
e    178   784     2
e    179   182     1
e    179   188     1
e    179   289     1
e    179   619     1
e    179   665     2
e    179   666     2
e    179   785     2
e    180   183     4
e    180   291     4
e    180   827     2
e    181   182     2
e    181   183     2
e    181   187     3
e    181   288     1
e    181   291     2
e    181   618     1
e    182   188     1
e    182   289     1
e    182   619     1
e    183   187     2
e    183   199     2
e    183   224     1
e    183   233     3
e    183   247     1
e    183   269     1
e    183   283     1
e    183   288     2
e    183   291    28
e    183   320     1
e    183   344     2
e    183   368     1
e    183   462     1
e    183   483     1
e    183   486     1
e    183   567     2
e    183   596     1
e    183   614     1
e    183   620     2
e    183   645     1
e    183   646     1
e    183   653     2
e    183   668     1
e    183   688     1
e    183   690     2
e    183   691     1
e    183   700     1
e    183   711     2
e    183   714     1
e    183   732     1
e    183   775     1
e    183   827     2
e    183   855     1
e    183   856     1
e    183   877     1
e    184   200     2
e    184   234     2
e    184   270     1
e    184   284     1
e    184   288     2
e    184   292     6
e    184   354     1
e    184   446     1
e    184   621     2
e    184   657     1
e    184   689     1
e    184   712     2
e    184   715     1
e    184   782     1
e    184   829     1
e    185   487     2
e    186   189     1
e    186   291     1
e    186   350     1
e    186   401     1
e    186   402     1
e    186   455     3
e    186   612     2
e    186   739     2
e    186   933     1
e    187   195     1
e    187   248     1
e    187   288     8
e    187   291    15
e    187   317     1
e    187   318     4
e    187   320     2
e    187   365     1
e    187   366     4
e    187   368     2
e    187   478     1
e    187   481     4
e    187   483     2
e    187   484     1
e    187   618    10
e    187   620     2
e    187   692     1
e    187   695     3
e    187   697     2
e    187   698     1
e    187   872     1
e    187   875     4
e    187   877     2
e    188   249     1
e    188   289     8
e    188   292     2
e    188   319     1
e    188   367     1
e    188   482     1
e    188   485     1
e    188   619    10
e    188   621     2
e    188   699     1
e    188   876     1
e    189   190     1
e    189   191     2
e    189   291     6
e    189   350     1
e    189   401     1
e    189   402     1
e    189   453     1
e    189   737     1
e    189   850     1
e    189   933     1
e    190   191     1
e    190   291     1
e    190   453     1
e    190   664     2
e    191   291     2
e    191   664     2
e    191   737     1
e    191   850     1
e    192   193     2
e    192   194     5
e    192   203     1
e    192   224     2
e    192   321     2
e    192   326     2
e    192   373     1
e    192   374     2
e    192   375     1
e    192   487     1
e    192   497     1
e    192   672     1
e    192   711     6
e    192   775     1
e    192   812     2
e    193   196     2
e    193   221     2
e    193   712     2
e    194   198     1
e    194   199     1
e    194   224     2
e    194   233     1
e    194   373     1
e    194   374     2
e    194   487     1
e    194   492     1
e    194   507     1
e    194   672     1
e    194   711     5
e    194   812     2
e    194   831     1
e    195   224     1
e    195   291     1
e    195   711     1
e    195   722     1
e    195   730     2
e    195   806     1
e    195   871     1
e    196   221     2
e    196   712     2
e    197   199     3
e    197   233     2
e    197   711     2
e    197   775     1
e    197   869     3
e    198   487     1
e    199   200     1
e    199   215     1
e    199   216     2
e    199   217     1
e    199   218     1
e    199   223     1
e    199   224     7
e    199   233   121
e    199   234     1
e    199   237     2
e    199   238     3
e    199   240     2
e    199   241     1
e    199   267     1
e    199   272     4
e    199   279     1
e    199   280     1
e    199   286     2
e    199   288    10
e    199   291     1
e    199   294     4
e    199   302     1
e    199   303     5
e    199   304     2
e    199   308     2
e    199   310     4
e    199   312     2
e    199   313     2
e    199   325     1
e    199   327     1
e    199   328     1
e    199   333     2
e    199   335     1
e    199   336     1
e    199   337     1
e    199   338     1
e    199   339     1
e    199   341     4
e    199   347     2
e    199   348     2
e    199   352     1
e    199   356     1
e    199   363     1
e    199   373     1
e    199   375     1
e    199   378     1
e    199   379     1
e    199   380     4
e    199   381     3
e    199   382     2
e    199   385     4
e    199   386     3
e    199   387     2
e    199   391     1
e    199   392     1
e    199   405     1
e    199   406     1
e    199   417     1
e    199   420     1
e    199   432     2
e    199   433     6
e    199   447     1
e    199   451     1
e    199   452     1
e    199   453     1
e    199   457     3
e    199   464     3
e    199   469     5
e    199   473     1
e    199   487     1
e    199   490     1
e    199   499     4
e    199   502     1
e    199   507     1
e    199   520     1
e    199   523     4
e    199   541     3
e    199   548     1
e    199   555     9
e    199   558     4
e    199   567     1
e    199   620     2
e    199   659     1
e    199   663     1
e    199   672     2
e    199   705     1
e    199   711    33
e    199   712     1
e    199   714     2
e    199   722     1
e    199   726     2
e    199   748     2
e    199   750     1
e    199   751     1
e    199   769     1
e    199   770     1
e    199   771     1
e    199   772     1
e    199   773     1
e    199   774     1
e    199   777     2
e    199   802     2
e    199   803     2
e    199   806     1
e    199   809     1
e    199   815     1
e    199   820     1
e    199   839     1
e    199   840     1
e    199   843     1
e    199   844     1
e    199   850     1
e    199   857     1
e    199   858     1
e    199   869     2
e    199   878     3
e    199   880     2
e    199   883     2
e    199   885     2
e    199   889     1
e    199   967     6
e    199   971     5
e    199   974     2
e    199   975     2
e    199   978     1
e    199   981     4
e    200   225     6
e    200   233     1
e    200   234    16
e    200   288     2
e    200   292     5
e    200   329     1
e    200   418     1
e    200   421     1
e    200   434     2
e    200   470     2
e    200   490     2
e    200   500     2
e    200   521     2
e    200   522     2
e    200   524     2
e    200   621     2
e    200   655     1
e    200   657     1
e    200   662     1
e    200   666     1
e    200   711     1
e    200   712    10
e    200   810     1
e    200   863     2
e    200   865     2
e    200   879     1
e    201   659     1
e    201   675     1
e    202   662     1
e    202   676     1
e    203   487     1
e    204   410     1
e    204   411     1
e    204   453     1
e    204   541     1
e    204   711     1
e    204   767     1
e    205   487     2
e    205   614     2
e    205   623     2
e    206   487     1
e    207   487     2
e    207   531     2
e    208   209     2
e    208   235     1
e    208   974     2
e    208   977     2
e    209   232     1
e    210   775     1
e    211   212     1
e    211   215     1
e    211   487     1
e    211   711     1
e    211   932     1
e    212   216     1
e    212   711     1
e    212   967     1
e    212   969     1
e    213   531     1
e    213   672     1
e    214   215     1
e    214   338     1
e    215   216     1
e    215   233     1
e    215   338     3
e    215   340     1
e    215   440     1
e    215   622     1
e    215   629     1
e    216   233     2
e    216   238     2
e    216   240     1
e    216   241     2
e    216   342     2
e    216   345     2
e    216   663     2
e    216   664     2
e    216   967     1
e    216   969     1
e    217   233     1
e    217   555     1
e    217   556     2
e    217   659     1
e    217   660     1
e    217   663     1
e    217   664     1
e    217   711     2
e    218   233     1
e    218   338     2
e    218   363     1
e    218   393     2
e    218   627     1
e    219   363     2
e    219   435     1
e    219   469     1
e    219   775     1
e    220   242     1
e    220   433     1
e    220   435     1
e    221   472     2
e    221   474     2
e    221   712     4
e    222   634     2
e    223   233     1
e    223   288     2
e    223   711     1
e    224   233    47
e    224   234     2
e    224   236     1
e    224   261     1
e    224   262     1
e    224   264     1
e    224   265     1
e    224   291    11
e    224   315     1
e    224   317     1
e    224   320     1
e    224   365     1
e    224   368     1
e    224   375     3
e    224   425     2
e    224   433     2
e    224   457     1
e    224   464     1
e    224   469     2
e    224   478     1
e    224   479     1
e    224   480     1
e    224   483     1
e    224   499     2
e    224   502     1
e    224   523     2
e    224   527     2
e    224   528     2
e    224   531     1
e    224   533     1
e    224   536     1
e    224   537     1
e    224   538     2
e    224   539     1
e    224   541     4
e    224   544     1
e    224   546     2
e    224   548     1
e    224   549     1
e    224   550     1
e    224   551     1
e    224   555     3
e    224   558     3
e    224   559     1
e    224   560     1
e    224   562     1
e    224   563     1
e    224   566     1
e    224   569     1
e    224   571     1
e    224   574     1
e    224   576     1
e    224   578     1
e    224   580     1
e    224   582     1
e    224   584     1
e    224   589     1
e    224   590     1
e    224   592     1
e    224   593     1
e    224   594     1
e    224   595     1
e    224   596     1
e    224   598     1
e    224   599     1
e    224   601     1
e    224   604     1
e    224   605     1
e    224   607     1
e    224   608     1
e    224   610     1
e    224   611     1
e    224   650     2
e    224   659     2
e    224   660     1
e    224   663     1
e    224   664     1
e    224   672     2
e    224   681     2
e    224   692     1
e    224   693     1
e    224   694     1
e    224   697     1
e    224   711     2
e    224   775    41
e    224   776     1
e    224   818     1
e    224   820     1
e    224   872     1
e    224   873     1
e    224   874     1
e    224   877     1
e    224   882     1
e    224   883     2
e    224   886     1
e    224   934     1
e    224   935     1
e    224   936     1
e    224   937     1
e    224   939     1
e    224   940     1
e    224   941     1
e    224   942     1
e    224   943     1
e    224   945     1
e    224   947     1
e    224   950     1
e    224   952     1
e    224   954     1
e    224   955     1
e    224   956     1
e    224   957     1
e    224   959     1
e    224   960     1
e    224   962     1
e    224   986     1
e    225   234    14
e    225   316     1
e    225   434     2
e    225   446     1
e    225   470     2
e    225   500     2
e    225   524     2
e    225   538     1
e    225   540     1
e    225   543     1
e    225   545     1
e    225   561     1
e    225   569     1
e    225   572     1
e    225   574     1
e    225   577     1
e    225   579     1
e    225   581     1
e    225   582     1
e    225   585     1
e    225   589     1
e    225   591     1
e    225   600     1
e    225   602     1
e    225   604     1
e    225   606     1
e    225   607     1
e    225   609     1
e    225   662     1
e    225   673     1
e    225   775     3
e    225   776     9
e    225   938     1
e    225   944     1
e    225   946     1
e    225   948     1
e    225   949     2
e    225   951     1
e    225   953     1
e    225   958     1
e    225   961     1
e    226   281     1
e    226   531     1
e    226   555     1
e    226   558     1
e    226   573     1
e    226   649     1
e    226   775     1
e    226   777     1
e    227   487     2
e    228   307     2
e    229   487     2
e    229   536     2
e    230   487     2
e    230   538     2
e    231   487     2
e    231   541     2
e    233   234     1
e    233   236     1
e    233   237     2
e    233   238     3
e    233   240     2
e    233   241     1
e    233   261     1
e    233   262     1
e    233   264     1
e    233   265     1
e    233   267     1
e    233   272     4
e    233   279     1
e    233   280     1
e    233   286     2
e    233   288    10
e    233   291    12
e    233   294     4
e    233   302     1
e    233   303     4
e    233   304     2
e    233   308     3
e    233   310     4
e    233   312     2
e    233   313     2
e    233   315     2
e    233   317     1
e    233   320     1
e    233   325     1
e    233   327     1
e    233   328     2
e    233   333     2
e    233   335     1
e    233   336     1
e    233   337     1
e    233   338     1
e    233   339     1
e    233   341     4
e    233   347     2
e    233   348     2
e    233   352     1
e    233   356     1
e    233   363     1
e    233   365     1
e    233   368     1
e    233   373     1
e    233   375     3
e    233   378     1
e    233   379     1
e    233   380     4
e    233   381     3
e    233   382     2
e    233   385     4
e    233   386     3
e    233   387     2
e    233   391     1
e    233   392     1
e    233   405     1
e    233   406     1
e    233   409     1
e    233   417     2
e    233   420     1
e    233   432     2
e    233   433     4
e    233   447     1
e    233   451     1
e    233   452     1
e    233   453     1
e    233   457     4
e    233   464     4
e    233   469     2
e    233   473     1
e    233   478     1
e    233   479     1
e    233   480     1
e    233   483     1
e    233   487     1
e    233   490     1
e    233   499     2
e    233   502     1
e    233   507     1
e    233   517     1
e    233   520     1
e    233   523     2
e    233   527     2
e    233   528     2
e    233   531     1
e    233   533     1
e    233   536     1
e    233   537     1
e    233   538     2
e    233   539     1
e    233   541     7
e    233   544     1
e    233   546     2
e    233   548     2
e    233   550     1
e    233   555    12
e    233   558     7
e    233   559     1
e    233   560     1
e    233   562     1
e    233   563     1
e    233   566     1
e    233   567     1
e    233   569     1
e    233   571     1
e    233   574     1
e    233   576     1
e    233   578     1
e    233   580     1
e    233   582     2
e    233   584     1
e    233   592     1
e    233   593     1
e    233   594     1
e    233   595     1
e    233   596     1
e    233   598     1
e    233   599     1
e    233   601     1
e    233   604     1
e    233   605     1
e    233   607     1
e    233   608     1
e    233   610     1
e    233   611     1
e    233   620     2
e    233   642     1
e    233   644     1
e    233   659     3
e    233   660     1
e    233   663     2
e    233   664     1
e    233   672     3
e    233   678     1
e    233   681     2
e    233   692     1
e    233   693     1
e    233   694     1
e    233   697     1
e    233   705     1
e    233   711    31
e    233   712     1
e    233   714     2
e    233   722     1
e    233   726     1
e    233   728     1
e    233   748     2
e    233   750     1
e    233   751     1
e    233   769     1
e    233   770     1
e    233   771     1
e    233   772     1
e    233   773     1
e    233   774     1
e    233   775    46
e    233   777     2
e    233   802     2
e    233   803     2
e    233   806     1
e    233   809     1
e    233   815     1
e    233   818     1
e    233   820     2
e    233   833     1
e    233   839     1
e    233   840     1
e    233   843     1
e    233   844     1
e    233   850     1
e    233   857     1
e    233   858     1
e    233   869     1
e    233   872     1
e    233   873     1
e    233   874     1
e    233   877     1
e    233   878     3
e    233   880     2
e    233   882     1
e    233   883     4
e    233   885     2
e    233   886     1
e    233   889     1
e    233   934     1
e    233   935     1
e    233   936     1
e    233   937     1
e    233   939     1
e    233   941     1
e    233   942     1
e    233   943     1
e    233   945     1
e    233   947     1
e    233   950     1
e    233   954     1
e    233   955     1
e    233   956     1
e    233   957     1
e    233   959     1
e    233   960     1
e    233   962     1
e    233   967     6
e    233   971     5
e    233   974     2
e    233   975     2
e    233   978     1
e    233   981     4
e    233   986     1
e    234   288     2
e    234   292     5
e    234   316     2
e    234   329     2
e    234   411     1
e    234   418     2
e    234   421     1
e    234   446     1
e    234   490     2
e    234   521     2
e    234   522     2
e    234   538     1
e    234   540     1
e    234   543     1
e    234   545     1
e    234   549     1
e    234   551     1
e    234   561     1
e    234   569     1
e    234   572     1
e    234   574     1
e    234   577     1
e    234   579     1
e    234   581     1
e    234   582     1
e    234   585     1
e    234   589     2
e    234   590     1
e    234   591     1
e    234   600     1
e    234   602     1
e    234   604     1
e    234   606     1
e    234   607     1
e    234   609     1
e    234   621     2
e    234   655     1
e    234   657     1
e    234   662     3
e    234   666     1
e    234   673     1
e    234   679     1
e    234   683     1
e    234   711     1
e    234   712    10
e    234   729     1
e    234   775     4
e    234   776    14
e    234   810     1
e    234   863     2
e    234   865     2
e    234   879     1
e    234   938     1
e    234   940     1
e    234   944     1
e    234   946     1
e    234   948     1
e    234   949     2
e    234   951     1
e    234   952     1
e    234   953     1
e    234   958     1
e    234   961     1
e    236   288     1
e    236   541     1
e    236   775     1
e    236   818     1
e    236   820     1
e    237   238     2
e    237   336     1
e    237   346     2
e    237   453     2
e    237   711     1
e    238   241     2
e    238   332     6
e    238   335     1
e    238   337     2
e    238   344     2
e    238   346     6
e    238   362     2
e    238   363     2
e    238   390     2
e    238   392     2
e    238   555     1
e    238   558     1
e    238   659     2
e    238   660     2
e    238   672     1
e    238   711     2
e    238   840     2
e    239   424     2
e    239   487     2
e    240   241     1
e    242   433     1
e    242   435     1
e    243   244     1
e    243   245     2
e    243   333     2
e    243   487     3
e    243   548     2
e    244   487     1
e    245   487     2
e    246   494     2
e    247   291     1
e    247   476     1
e    247   724     1
e    247   914     1
e    248   249     2
e    248   288     1
e    248   618     1
e    248   663     2
e    248   664     2
e    248   665     2
e    248   666     2
e    248   910     2
e    248   911     2
e    249   289     1
e    249   619     1
e    250   317     1
e    251   365     1
e    252   872     1
e    253   873     1
e    254   478     1
e    255   479     1
e    256   406     2
e    256   751     1
e    256   858     1
e    257   692     1
e    258   693     1
e    259   291     1
e    259   620     1
e    259   663     1
e    259   664     1
e    259   899     1
e    260   291     1
e    260   620     1
e    260   663     1
e    260   664     1
e    260   900     1
e    261   262     1
e    261   263     1
e    261   291     1
e    261   775     1
e    262   291     2
e    262   620     1
e    262   663     1
e    262   664     1
e    262   775     1
e    262   901     1
e    264   265     1
e    264   266     1
e    264   291     1
e    264   775     1
e    265   291     1
e    265   586     1
e    265   663     1
e    265   664     1
e    265   775     1
e    265   902     1
e    267   288     1
e    267   541     1
e    267   546     1
e    267   555     1
e    267   558     1
e    267   587     1
e    267   670     1
e    267   711     3
e    268   275     1
e    268   287     1
e    268   742     1
e    269   270     2
e    269   271     2
e    269   291     1
e    269   688     2
e    269   689     1
e    270   292     1
e    270   688     1
e    270   689     2
e    272   286     2
e    272   294     4
e    272   310     1
e    272   369     1
e    272   371     1
e    272   722     1
e    272   803     1
e    272   806     1
e    272   815     1
e    273   280     1
e    273   286     1
e    273   294     1
e    273   350     1
e    273   739     1
e    273   775     1
e    274   286     3
e    274   294     2
e    274   596     2
e    274   642     1
e    274   737     2
e    274   746     2
e    274   775     2
e    275   287     5
e    275   295     2
e    275   597     2
e    275   738     2
e    275   742     1
e    275   743     2
e    275   747     2
e    275   776     2
e    275   851     2
e    276   286     2
e    276   294     1
e    276   350     2
e    276   406     1
e    276   740     2
e    276   775     1
e    277   278     1
e    277   967     1
e    277   970     1
e    279   280     1
e    279   282     1
e    279   455     1
e    279   487     1
e    279   737     1
e    279   739     1
e    279   850     1
e    280   294     1
e    280   350     1
e    280   739     1
e    280   775     1
e    281   555     2
e    281   558     2
e    281   711     1
e    281   758     1
e    281   777     2
e    282   487     1
e    283   284     6
e    283   285     2
e    283   291     1
e    283   487     2
e    283   518     2
e    283   519     2
e    283   614     2
e    283   615     2
e    283   714     1
e    283   748     2
e    283   749     2
e    284   292     1
e    284   518     2
e    284   519     4
e    284   614     2
e    284   615     2
e    284   715     1
e    284   748     2
e    284   749     2
e    285   487     2
e    286   287     2
e    286   294     1
e    286   299     2
e    286   300     1
e    286   302     1
e    286   350     3
e    286   375     1
e    286   433     1
e    286   469     1
e    286   548     1
e    286   596     2
e    286   642     1
e    286   711     1
e    286   739     1
e    286   740     2
e    286   746     2
e    286   775     1
e    286   801     1
e    287   597     2
e    287   742     1
e    287   743     2
e    287   747     2
e    287   851     2
e    288   289     2
e    288   290     2
e    288   291     4
e    288   293     2
e    288   318     1
e    288   333     2
e    288   366     1
e    288   376     1
e    288   420     2
e    288   457     1
e    288   458     1
e    288   462     2
e    288   481     1
e    288   483     1
e    288   484     1
e    288   488     1
e    288   493     1
e    288   506     1
e    288   513     1
e    288   514     1
e    288   515     1
e    288   516     1
e    288   520     1
e    288   531     2
e    288   541     1
e    288   548     1
e    288   555     2
e    288   558     1
e    288   587     1
e    288   596     1
e    288   607     1
e    288   618     8
e    288   620     3
e    288   621     2
e    288   659     4
e    288   660     4
e    288   661     1
e    288   662     1
e    288   663     2
e    288   664     2
e    288   672     5
e    288   678     1
e    288   698     1
e    288   710     1
e    288   711     9
e    288   712     2
e    288   714     2
e    288   718     1
e    288   724     2
e    288   728     1
e    288   735     1
e    288   740     1
e    288   746     1
e    288   748     1
e    288   758     3
e    288   761     1
e    288   766     1
e    288   767     1
e    288   775     1
e    288   777     2
e    288   801     1
e    288   802     1
e    288   833     2
e    288   835     2
e    288   875     1
e    288   878     1
e    288   879     1
e    288   965     1
e    288   966     1
e    288   971     1
e    288   974     2
e    288   975     3
e    288   977     2
e    288   980     1
e    289   292     2
e    289   319     1
e    289   367     1
e    289   458     3
e    289   482     1
e    289   485     1
e    289   494     2
e    289   519     1
e    289   568     3
e    289   615     1
e    289   619     8
e    289   661     4
e    289   662     4
e    289   665     1
e    289   666     1
e    289   679     1
e    289   699     1
e    289   717     4
e    289   719     1
e    289   741     1
e    289   747     1
e    289   768     1
e    289   776     1
e    289   778     4
e    289   829     1
e    289   836     2
e    289   865     2
e    289   876     1
e    291   311     1
e    291   317     1
e    291   318     2
e    291   320     4
e    291   328     1
e    291   344     2
e    291   350     2
e    291   365     1
e    291   366     2
e    291   368     5
e    291   401     1
e    291   402     1
e    291   453     1
e    291   455     1
e    291   461     1
e    291   462     1
e    291   478     1
e    291   479     1
e    291   480     1
e    291   481     2
e    291   483     6
e    291   486     1
e    291   531     2
e    291   567     2
e    291   586     2
e    291   596     2
e    291   614     1
e    291   618     2
e    291   620    10
e    291   645     1
e    291   646     1
e    291   653     2
e    291   663     2
e    291   664     2
e    291   668     1
e    291   686     1
e    291   688     1
e    291   690     2
e    291   691     1
e    291   692     1
e    291   693     1
e    291   694     1
e    291   695     2
e    291   697     4
e    291   700     1
e    291   714     1
e    291   731     1
e    291   732     1
e    291   737     1
e    291   739     1
e    291   750     1
e    291   775    11
e    291   815     2
e    291   827     4
e    291   850     1
e    291   855     1
e    291   856     1
e    291   857     1
e    291   872     1
e    291   873     1
e    291   874     1
e    291   875     2
e    291   877     6
e    291   933     1
e    292   329     1
e    292   354     1
e    292   446     1
e    292   458     1
e    292   521     2
e    292   522     2
e    292   619     2
e    292   621     2
e    292   657     1
e    292   661     1
e    292   662     1
e    292   689     1
e    292   712     4
e    292   715     1
e    292   782     1
e    292   829     1
e    292   863     2
e    292   865     4
e    293   724     1
e    293   761     1
e    293   980     1
e    294   302     1
e    294   313     1
e    294   369     1
e    294   371     1
e    294   406     1
e    294   548     1
e    294   555     1
e    294   558     1
e    294   672     1
e    294   711     2
e    294   722     1
e    294   737     2
e    294   775     5
e    294   801     1
e    294   803     1
e    294   806     1
e    294   815     1
e    294   981     2
e    295   738     2
e    295   776     2
e    296   447     1
e    296   531     1
e    296   821     1
e    297   487     2
e    297   548     2
e    298   299     1
e    298   487     1
e    299   433     1
e    299   469     1
e    299   487     1
e    299   672     1
e    299   711     1
e    299   978     1
e    300   301     1
e    300   375     1
e    300   487     1
e    300   672     1
e    300   972     1
e    301   487     1
e    302   548     1
e    302   775     1
e    302   801     1
e    302   820     1
e    303   304     2
e    303   308     4
e    303   433     2
e    303   464     2
e    303   722     1
e    303   806     1
e    304   321     1
e    304   711     1
e    305   487     2
e    306   307     2
e    306   659     1
e    306   660     1
e    306   663     1
e    306   664     1
e    307   659     1
e    307   660     1
e    307   663     1
e    307   664     1
e    308   433     2
e    308   464     2
e    308   722     1
e    308   806     1
e    309   321     1
e    309   487     1
e    310   312     2
e    310   313     2
e    310   722     1
e    310   806     1
e    311   510     2
e    311   586     1
e    311   660     1
e    311   663     1
e    311   724     1
e    311   731     1
e    311   857     2
e    312   322     1
e    312   386     2
e    312   672     2
e    312   711     1
e    313   387     1
e    313   672     1
e    313   722     1
e    313   806     1
e    314   322     1
e    314   487     1
e    315   659     1
e    315   672     1
e    315   678     1
e    315   775     2
e    316   662     1
e    316   673     1
e    316   679     1
e    316   776     2
e    317   318     1
e    317   320     1
e    317   775     1
e    318   319     2
e    318   320     2
e    318   618     1
e    318   663     2
e    318   664     2
e    318   912     2
e    319   619     1
e    319   665     2
e    319   666     2
e    319   913     2
e    320   476     1
e    320   724     1
e    320   775     1
e    320   915     1
e    321   324     1
e    321   326     2
e    321   487     1
e    321   672     1
e    321   711     3
e    322   327     1
e    322   487     1
e    322   672     1
e    322   711     1
e    323   326     2
e    323   347     1
e    323   348     1
e    323   349     1
e    323   471     2
e    323   487     1
e    323   711     4
e    324   326     2
e    324   358     1
e    324   487     1
e    324   497     2
e    324   672     1
e    324   711     2
e    326   327     2
e    326   471     2
e    326   497     2
e    326   711    10
e    326   889     2
e    326   890     2
e    326   972     2
e    327   386     2
e    327   388     1
e    327   487     1
e    327   672     1
e    327   711     3
e    327   972     2
e    328   728     1
e    328   775     1
e    329   729     1
e    329   776     1
e    330   555     1
e    330   558     1
e    330   648     1
e    332   346     6
e    332   390     2
e    332   392     2
e    332   711     1
e    332   748     1
e    332   840     2
e    333   334     2
e    333   548     2
e    333   711     2
e    335   377     1
e    335   423     1
e    335   659     1
e    335   660     1
e    337   711     1
e    338   339     1
e    338   340     1
e    338   377     2
e    338   393     2
e    338   430     2
e    338   437     1
e    338   451     2
e    338   628     2
e    338   629     1
e    338   642     2
e    338   804     1
e    338   867     1
e    339   345     2
e    339   775     2
e    339   968     4
e    339   969     2
e    339   981     2
e    341   347     2
e    341   348     2
e    341   433     1
e    341   722     1
e    341   806     1
e    342   663     2
e    342   664     2
e    343   344     2
e    344   428     2
e    344   555     1
e    344   558     1
e    344   653     2
e    344   672     1
e    345   459     1
e    345   711     1
e    345   775     2
e    345   968     2
e    345   969     4
e    345   981     2
e    346   375     2
e    346   390     2
e    346   392     4
e    346   453     4
e    346   506     1
e    346   596     1
e    346   603     1
e    346   659     2
e    346   660     2
e    346   711     2
e    346   777     1
e    346   840     4
e    347   711     1
e    348   469     1
e    348   711     1
e    348   722     1
e    348   806     1
e    349   487     1
e    350   364     1
e    350   455     1
e    350   737     1
e    350   739     3
e    350   740     2
e    350   775     1
e    350   933     2
e    351   711     1
e    351   737     1
e    352   353     2
e    352   356     1
e    352   381     1
e    352   386     1
e    352   555     1
e    352   663     1
e    352   664     1
e    352   711     1
e    352   878     1
e    353   665     1
e    353   666     1
e    353   879     1
e    354   568     1
e    354   661     1
e    354   662     1
e    354   829     1
e    355   711     1
e    355   775     1
e    356   555     1
e    356   711     1
e    356   775     1
e    357   436     1
e    357   520     3
e    357   775     1
e    358   487     1
e    359   360     1
e    359   487     1
e    360   487     1
e    361   487     1
e    361   640     1
e    362   659     2
e    362   660     2
e    365   366     1
e    365   368     1
e    365   775     1
e    366   367     2
e    366   368     2
e    366   618     1
e    366   663     2
e    366   664     2
e    366   919     2
e    367   619     1
e    367   665     2
e    367   666     2
e    367   920     2
e    368   476     1
e    368   620     1
e    368   724     1
e    368   775     1
e    368   916     1
e    369   371     1
e    370   371     2
e    370   433     1
e    370   435     1
e    370   624     1
e    371   433     1
e    371   435     1
e    371   624     1
e    372   487     1
e    372   817     1
e    373   375     1
e    373   471     1
e    373   473     1
e    373   487     1
e    373   811     1
e    374   375     2
e    374   471     2
e    374   473     2
e    374   497     2
e    374   507     2
e    374   711    10
e    374   972     2
e    374   978     2
e    374   984     2
e    374   985     2
e    375   376     2
e    375   392     2
e    375   764     2
e    375   840     2
e    375   972     2
e    376   392     2
e    376   420     1
e    376   529     1
e    376   663     1
e    376   664     1
e    377   628     2
e    377   659     1
e    377   660     1
e    378   379     1
e    380   381     2
e    380   382     2
e    381   386     1
e    381   711     1
e    381   889     2
e    382   383     2
e    384   487     1
e    384   889     1
e    385   386     2
e    385   387     2
e    385   722     1
e    385   806     1
e    385   967     1
e    386   387     1
e    386   672     2
e    386   711     1
e    386   775     1
e    387   672     1
e    387   722     1
e    387   775     1
e    387   806     1
e    387   981     1
e    388   487     1
e    389   989     2
e    391   392     1
e    392   840     2
e    394   395     2
e    394   399     1
e    394   413     1
e    394   663     1
e    394   664     1
e    394   724     1
e    396   398     2
e    397   400     2
e    398   399     1
e    398   401     1
e    398   663     2
e    398   664     2
e    398   724     1
e    399   663     2
e    399   664     2
e    399   724     2
e    401   402     2
e    401   403     2
e    401   663     1
e    401   664     1
e    404   407     2
e    404   408     2
e    404   659     2
e    404   660     2
e    405   406     1
e    406   751     1
e    406   775     1
e    406   858     1
e    407   661     2
e    407   662     2
e    409   411     1
e    409   417     2
e    409   418     1
e    409   775     1
e    410   411     8
e    410   425     1
e    410   426     3
e    410   453     1
e    410   541     1
e    410   850     1
e    410   862     1
e    410   863     3
e    410   965     2
e    410   966     2
e    411   417     1
e    411   418     2
e    411   425     1
e    411   426     3
e    411   453     1
e    411   541     1
e    411   776     1
e    411   850     1
e    411   862     1
e    411   863     3
e    411   965     2
e    411   966     2
e    412   413     2
e    413   831     1
e    413   833     1
e    413   990     1
e    414   415     5
e    414   490     2
e    414   663     1
e    414   664     1
e    414   725     1
e    414   778     2
e    414   814     1
e    414   847     1
e    414   965     1
e    414   966     1
e    415   490     2
e    415   663     1
e    415   664     1
e    415   725     1
e    415   778     2
e    415   814     1
e    415   847     1
e    415   965     1
e    415   966     1
e    416   476     1
e    416   724     1
e    416   905     1
e    417   418     1
e    417   711     1
e    417   775     1
e    417   809     2
e    418   776     1
e    418   810     1
e    419   447     2
e    419   659     2
e    419   660     2
e    419   842     2
e    420   422     2
e    420   447     2
e    420   469     2
e    420   488     1
e    420   529     1
e    420   553     1
e    420   573     1
e    420   659     1
e    420   660     1
e    420   711     1
e    420   775     1
e    420   842     2
e    420   878     1
e    420   965     1
e    420   966     1
e    421   712     1
e    421   879     1
e    423   440     1
e    423   868     1
e    424   487     2
e    425   426     1
e    425   427     2
e    425   487     2
e    425   536     2
e    425   614     2
e    425   650     2
e    425   681     2
e    425   862     2
e    425   863     1
e    426   615     2
e    426   862     1
e    426   863     4
e    427   487     2
e    429   487     1
e    430   451     2
e    431   555     1
e    431   672     1
e    432   447     1
e    432   457     1
e    432   548     1
e    432   555     1
e    432   711     2
e    433   435     2
e    433   464     4
e    433   469     9
e    433   502     1
e    433   541     1
e    433   650     1
e    433   711     2
e    433   722     1
e    433   727     1
e    433   803     1
e    433   806     1
e    433   815     1
e    433   971     1
e    433   978     1
e    434   470     2
e    435   469     1
e    435   510     1
e    435   511     1
e    435   625     1
e    435   626     1
e    435   775     1
e    436   520     2
e    436   775     2
e    436   931     1
e    438   460     2
e    439   445     2
e    439   487     2
e    440   868     1
e    441   487     2
e    441   558     2
e    442   443     1
e    442   487     1
e    443   487     1
e    444   487     1
e    444   554     1
e    445   487     2
e    446   490     2
e    446   491     1
e    446   532     2
e    446   543     2
e    446   555     3
e    446   557     1
e    446   561     1
e    446   570     2
e    446   575     2
e    446   588     1
e    446   647     2
e    446   656     1
e    446   657     2
e    446   661     1
e    446   662     1
e    446   665     1
e    446   666     1
e    446   715     2
e    446   776     1
e    446   778     2
e    446   825     1
e    447   457     1
e    447   476     2
e    447   531     1
e    447   635     2
e    447   659     2
e    447   660     2
e    447   663     1
e    447   664     1
e    447   711     1
e    447   721     3
e    447   813     1
e    447   821     1
e    447   822     3
e    447   842     4
e    448   814     1
e    448   823     1
e    449   555     2
e    450   451     2
e    451   711     1
e    451   850     2
e    452   453     1
e    453   454     1
e    453   659     1
e    453   660     1
e    453   711     1
e    453   767     1
e    453   850     2
e    455   466     2
e    455   612     2
e    455   739     3
e    455   850     1
e    456   467     2
e    457   458     2
e    457   462     2
e    457   463     2
e    457   487     2
e    457   531     2
e    457   562     1
e    457   596     2
e    457   599     2
e    457   659     2
e    457   660     2
e    457   672     1
e    457   711     3
e    457   775     1
e    457   777     2
e    457   878     3
e    457   941     1
e    458   568     2
e    458   597     2
e    458   661     1
e    458   662     1
e    458   672     1
e    458   836     2
e    458   865     1
e    458   879     3
e    459   711     1
e    459   967     1
e    459   969     1
e    461   686     1
e    461   877     1
e    462   518     1
e    462   531     2
e    462   614     1
e    462   672     2
e    462   777     2
e    462   862     1
e    462   977     2
e    463   487     2
e    464   471     1
e    464   473     2
e    464   555     1
e    464   558     1
e    464   711     1
e    464   775     2
e    464   986     1
e    465   471     2
e    465   487     2
e    468   473     1
e    468   487     1
e    469   473     1
e    469   502     1
e    469   541     1
e    469   650     1
e    469   711     4
e    469   722     1
e    469   726     1
e    469   727     1
e    469   775     2
e    469   803     1
e    469   806     1
e    469   815     1
e    469   971     1
e    469   978     1
e    471   473     5
e    471   487     2
e    471   711     6
e    471   775     1
e    471   812     2
e    472   474     2
e    472   712     2
e    473   487     1
e    473   711     6
e    473   812     2
e    474   712     2
e    475   914     1
e    475   917     1
e    476   480     1
e    476   483     1
e    476   486     1
e    476   645     2
e    476   646     1
e    476   658     2
e    476   672     3
e    476   694     1
e    476   697     1
e    476   700     1
e    476   709     2
e    476   721     2
e    476   724    25
e    476   769     4
e    476   770     3
e    476   771     2
e    476   772     1
e    476   773     2
e    476   774     2
e    476   838     2
e    476   874     1
e    476   877     1
e    476   893     1
e    476   894     1
e    476   895     1
e    476   896     1
e    476   897     1
e    476   898     1
e    476   905     1
e    476   914     1
e    476   915     1
e    476   916     1
e    476   917     1
e    476   918     1
e    477   760     1
e    478   481     1
e    478   483     1
e    478   775     1
e    479   480     1
e    479   775     1
e    480   481     1
e    480   724     2
e    480   775     1
e    480   895     1
e    481   482     2
e    481   483     2
e    481   618     1
e    481   663     2
e    481   664     2
e    481   724     1
e    481   923     2
e    482   619     1
e    482   665     2
e    482   666     2
e    482   924     2
e    483   596     1
e    483   620     1
e    483   663     1
e    483   664     1
e    483   724     1
e    483   775     1
e    483   896     2
e    484   485     2
e    484   618     1
e    484   663     2
e    484   664     2
e    484   921     2
e    485   619     1
e    485   665     2
e    485   666     2
e    485   922     2
e    486   724     1
e    486   917     1
e    487   489     2
e    487   497     2
e    487   498     2
e    487   501     2
e    487   507     1
e    487   512     1
e    487   525     2
e    487   530     2
e    487   531     2
e    487   536     2
e    487   538     2
e    487   541     2
e    487   548     2
e    487   552     2
e    487   554     1
e    487   558     2
e    487   563     2
e    487   569     2
e    487   574     2
e    487   578     2
e    487   582     2
e    487   587     2
e    487   589     2
e    487   592     2
e    487   596     2
e    487   599     2
e    487   603     2
e    487   607     2
e    487   610     2
e    487   613     2
e    487   614     2
e    487   622     1
e    487   623     2
e    487   629     1
e    487   630     1
e    487   636     2
e    487   637     1
e    487   638     1
e    487   639     1
e    487   640     1
e    487   642     1
e    487   654     1
e    487   667     1
e    487   669     2
e    487   682     1
e    487   684     1
e    487   702     1
e    487   703     1
e    487   708     2
e    487   711     3
e    487   732     1
e    487   733     1
e    487   736     2
e    487   754     2
e    487   755     2
e    487   757     2
e    487   763     2
e    487   765     1
e    487   766     1
e    487   777     2
e    487   779     2
e    487   808     1
e    487   809     1
e    487   811     1
e    487   813     2
e    487   817     1
e    487   820     2
e    487   833     1
e    487   837     1
e    487   841     2
e    487   849     1
e    487   852     2
e    487   855     1
e    487   859     1
e    487   862     2
e    487   866     2
e    487   867     1
e    487   868     1
e    487   882     1
e    487   887     1
e    487   888     2
e    487   889     1
e    487   890     2
e    487   891     2
e    487   932     1
e    487   963     2
e    487   964     2
e    487   972     1
e    487   973     1
e    487   974     2
e    487   976     2
e    487   978     1
e    487   979     1
e    487   982     2
e    487   985     1
e    487   988     1
e    488   965     1
e    488   966     1
e    489   563     2
e    490   541     2
e    490   543     2
e    490   555     2
e    490   587     2
e    490   588     2
e    490   711     3
e    490   712     4
e    490   714     2
e    490   715     2
e    490   725     1
e    490   777     2
e    490   778     2
e    490   813     2
e    490   814     2
e    490   869     1
e    490   870     1
e    490   965     1
e    490   966     1
e    491   555     1
e    491   711     2
e    491   712     2
e    492   495     1
e    492   547     2
e    492   582     3
e    492   596     1
e    492   672     1
e    492   690     1
e    492   777     1
e    492   831     2
e    492   833     1
e    492   878     1
e    492   881     1
e    493   724     2
e    494   661     2
e    494   662     2
e    494   717     2
e    495   548     1
e    495   663     2
e    495   664     2
e    495   690     1
e    495   691     1
e    495   871     2
e    496   672     1
e    496   756     1
e    496   980     1
e    497   498     2
e    497   502     1
e    497   507     2
e    497   672     1
e    497   711     4
e    497   775     1
e    499   523     4
e    500   524     2
e    501   569     2
e    502   507     2
e    502   541     1
e    502   650     1
e    502   659     1
e    502   660     1
e    502   672     1
e    502   711     2
e    502   775     1
e    502   986     1
e    503   504     1
e    503   672     1
e    504   672     1
e    505   672     1
e    506   596     1
e    506   603     1
e    507   512     1
e    507   672     1
e    507   711     3
e    508   625     1
e    509   626     1
e    510   625     1
e    511   626     1
e    511   731     2
e    513   514     1
e    513   724     1
e    514   663     1
e    514   664     1
e    515   516     1
e    515   724     1
e    516   663     1
e    516   664     1
e    516   990     1
e    517   642     1
e    518   519     2
e    518   663     1
e    518   664     1
e    518   718     1
e    518   862     1
e    519   661     1
e    519   662     1
e    519   665     1
e    519   666     1
e    519   719     1
e    520   711     1
e    520   775     2
e    520   802     1
e    520   931     1
e    521   522     2
e    521   712     2
e    522   712     2
e    525   757     2
e    526   659     1
e    526   660     1
e    526   663     1
e    526   664     1
e    526   909     2
e    527   528     2
e    527   555     2
e    527   659     1
e    527   660     1
e    527   663     1
e    527   664     1
e    527   775     2
e    528   555     2
e    528   651     2
e    528   659     1
e    528   660     1
e    528   663     3
e    528   664     3
e    528   775     2
e    529   711     1
e    530   813     2
e    531   533     1
e    531   555     2
e    531   573     1
e    531   672     1
e    531   775     1
e    531   777     4
e    531   821     1
e    531   935     1
e    532   778     2
e    533   775     1
e    533   935     1
e    534   535     2
e    534   720     1
e    534   724     1
e    534   805     1
e    534   826     1
e    536   537     1
e    536   587     1
e    536   681     2
e    536   775     1
e    536   936     1
e    536   974     1
e    537   775     1
e    537   936     1
e    538   539     1
e    538   540     1
e    538   541     2
e    538   555     1
e    538   558     1
e    538   672     1
e    538   775     2
e    538   776     1
e    538   934     1
e    538   949     1
e    539   775     1
e    539   934     1
e    540   776     1
e    540   949     1
e    541   543     2
e    541   544     1
e    541   546     2
e    541   555     3
e    541   558     1
e    541   650     1
e    541   670     1
e    541   672     1
e    541   681     2
e    541   711     4
e    541   714     2
e    541   775     4
e    541   937     1
e    542   567     2
e    542   659     1
e    542   660     1
e    542   663     2
e    542   664     2
e    542   711     1
e    543   545     1
e    543   715     2
e    543   776     1
e    543   938     1
e    544   775     1
e    544   937     1
e    545   776     1
e    545   938     1
e    546   587     1
e    546   681     2
e    546   711     1
e    546   775     2
e    547   548     1
e    547   596     1
e    547   672     2
e    547   777     1
e    548   550     1
e    548   555     1
e    548   607     1
e    548   672     1
e    548   691     1
e    548   711     1
e    548   775     2
e    548   801     1
e    548   939     1
e    549   551     1
e    549   776     1
e    549   940     1
e    550   775     1
e    550   939     1
e    551   776     1
e    551   940     1
e    552   574     2
e    553   573     1
e    553   603     1
e    553   724     1
e    555   556     1
e    555   558    13
e    555   560     1
e    555   565     1
e    555   569     2
e    555   574     2
e    555   587     1
e    555   589     2
e    555   607     3
e    555   610     2
e    555   648     1
e    555   651     2
e    555   659     2
e    555   660     2
e    555   663     3
e    555   664     3
e    555   672     5
e    555   704     2
e    555   711     8
e    555   714     2
e    555   735     2
e    555   775     4
e    555   777     3
e    555   781     2
e    555   864     1
e    555   878     2
e    555   880     2
e    555   981     1
e    555   986     1
e    556   587     1
e    556   659     1
e    556   660     1
e    556   663     1
e    556   664     1
e    556   711     2
e    556   824     2
e    557   665     1
e    557   666     1
e    557   825     2
e    558   559     1
e    558   648     1
e    558   659     1
e    558   660     1
e    558   672     2
e    558   711     4
e    558   775     4
e    558   777     1
e    558   981     1
e    558   986     1
e    559   775     1
e    560   775     1
e    561   776     1
e    562   775     1
e    562   941     1
e    563   564     1
e    563   566     1
e    563   659     1
e    563   660     1
e    563   685     1
e    563   775     1
e    563   831     1
e    563   833     1
e    563   942     1
e    564   565     1
e    564   659     1
e    564   660     1
e    564   711     1
e    565   711     1
e    566   775     1
e    566   942     1
e    567   659     1
e    567   660     1
e    567   663     1
e    567   664     1
e    567   690     2
e    567   705     1
e    568   661     1
e    568   662     1
e    568   778     1
e    568   829     1
e    568   836     2
e    569   571     1
e    569   572     1
e    569   775     1
e    569   776     1
e    569   943     1
e    569   944     1
e    571   775     1
e    571   943     1
e    572   776     1
e    572   944     1
e    573   663     1
e    573   664     1
e    573   724     1
e    574   576     1
e    574   577     1
e    574   775     2
e    574   945     1
e    574   946     1
e    576   775     1
e    576   945     1
e    577   775     1
e    577   946     1
e    578   580     1
e    578   613     2
e    578   651     2
e    578   659     2
e    578   660     2
e    578   775     1
e    578   947     1
e    579   581     1
e    579   776     1
e    579   948     1
e    580   775     1
e    580   947     1
e    581   776     1
e    581   948     1
e    582   584     1
e    582   585     1
e    582   633     1
e    582   636     2
e    582   690     1
e    582   711     1
e    582   775     3
e    582   831     1
e    582   833     2
e    582   878     1
e    582   881     1
e    582   950     1
e    582   951     1
e    583   671     1
e    583   879     1
e    584   775     1
e    584   950     1
e    585   775     1
e    585   951     1
e    586   731     1
e    586   750     1
e    586   857     1
e    587   588     2
e    587   708     2
e    587   711     1
e    587   766     1
e    587   974     1
e    588   647     1
e    588   657     1
e    589   590     1
e    589   591     1
e    589   735     2
e    589   736     2
e    589   775     1
e    589   776     1
e    589   952     1
e    589   953     1
e    590   775     1
e    590   952     1
e    591   776     1
e    591   953     1
e    592   593     2
e    592   594     1
e    592   663     1
e    592   664     1
e    592   763     2
e    592   775     1
e    592   824     1
e    592   954     1
e    593   595     1
e    593   661     1
e    593   662     1
e    593   775     1
e    593   825     1
e    593   955     1
e    594   775     1
e    594   954     1
e    595   775     1
e    595   955     1
e    596   597     2
e    596   598     1
e    596   603     1
e    596   672     1
e    596   691     1
e    596   711     1
e    596   746     2
e    596   775     1
e    596   777     1
e    596   841     2
e    596   878     2
e    596   956     1
e    597   747     2
e    597   879     2
e    598   775     1
e    598   956     1
e    599   600     2
e    599   601     1
e    599   659     1
e    599   660     1
e    599   672     1
e    599   705     1
e    599   711     1
e    599   775     1
e    599   888     2
e    599   957     1
e    600   602     1
e    600   673     1
e    600   775     1
e    600   958     1
e    601   775     1
e    601   957     1
e    602   775     1
e    602   958     1
e    603   724     1
e    603   963     2
e    604   605     1
e    604   606     1
e    604   775     1
e    604   776     1
e    604   949     1
e    604   959     1
e    605   775     1
e    605   959     1
e    606   776     1
e    606   949     1
e    607   608     1
e    607   609     1
e    607   775     1
e    607   776     1
e    607   960     1
e    607   961     1
e    607   964     2
e    608   775     1
e    608   960     1
e    609   776     1
e    609   961     1
e    610   611     1
e    610   775     1
e    610   781     2
e    610   962     1
e    610   982     2
e    611   775     1
e    611   962     1
e    612   739     1
e    614   615     6
e    614   623     4
e    614   659     2
e    614   660     2
e    614   711     2
e    614   712     2
e    614   714     2
e    614   862     2
e    614   863     2
e    615   661     2
e    615   662     2
e    615   665     1
e    615   666     1
e    615   711     2
e    615   712     2
e    615   715     2
e    615   778     1
e    615   862     2
e    615   863     2
e    616   617     2
e    616   711     2
e    616   712     2
e    617   711     2
e    617   712     2
e    618   620     2
e    618   698     1
e    618   875     1
e    619   621     2
e    619   699     1
e    619   876     1
e    620   697     1
e    620   711     2
e    620   877     1
e    621   712     2
e    622   638     1
e    629   630     1
e    631   632     2
e    631   641     2
e    633   690     1
e    635   822     2
e    637   642     1
e    639   849     1
e    642   711     1
e    643   644     1
e    643   775     1
e    644   775     2
e    645   646     1
e    645   658     1
e    645   724     2
e    645   855     1
e    646   724     1
e    646   856     1
e    647   656     1
e    647   657     1
e    649   775     1
e    650   711     1
e    651   659     2
e    651   660     2
e    651   663     2
e    651   664     2
e    652   653     2
e    652   775     2
e    652   970     2
e    652   981     2
e    654   667     1
e    655   656     1
e    655   657     1
e    655   665     1
e    655   666     1
e    655   712     1
e    656   665     1
e    656   666     1
e    656   712     1
e    658   724     2
e    659   660    42
e    659   662     1
e    659   663     2
e    659   672     3
e    659   675     1
e    659   711     4
e    659   714     2
e    659   758     1
e    659   775     2
e    659   842     2
e    659   850     1
e    659   878     1
e    659   909     1
e    659   965     1
e    659   966     1
e    659   986     1
e    660   663     1
e    660   672     2
e    660   711     3
e    660   714     2
e    660   724     1
e    660   731     1
e    660   758     1
e    660   775     1
e    660   842     2
e    660   850     1
e    660   878     1
e    660   909     1
e    660   965     1
e    660   966     1
e    660   986     1
e    661   662    18
e    661   672     1
e    661   715     2
e    661   717     2
e    661   825     2
e    661   846     2
e    661   847     2
e    661   865     1
e    661   879     1
e    661   965     2
e    661   966     2
e    662   666     2
e    662   672     1
e    662   673     1
e    662   676     1
e    662   683     1
e    662   712     1
e    662   715     2
e    662   717     2
e    662   776     2
e    662   825     2
e    662   846     2
e    662   847     2
e    662   865     1
e    662   879     1
e    662   965     2
e    662   966     2
e    663   664    90
e    663   672     2
e    663   695     2
e    663   697     1
e    663   698     2
e    663   711     3
e    663   718     1
e    663   721     1
e    663   722     1
e    663   724     6
e    663   731     1
e    663   750     1
e    663   758     1
e    663   759     1
e    663   775     1
e    663   784     2
e    663   786     2
e    663   788     2
e    663   790     1
e    663   791     2
e    663   793     2
e    663   795     2
e    663   797     2
e    663   799     2
e    663   806     1
e    663   815     2
e    663   818     1
e    663   824     1
e    663   826     1
e    663   827     2
e    663   843     1
e    663   857     2
e    663   861     2
e    663   862     1
e    663   864     1
e    663   871     2
e    663   875     2
e    663   877     1
e    663   878     1
e    663   894     1
e    663   896     1
e    663   898     1
e    663   899     1
e    663   900     1
e    663   901     1
e    663   902     1
e    663   909     1
e    663   910     2
e    663   912     2
e    663   919     2
e    663   921     2
e    663   923     2
e    663   925     2
e    663   927     2
e    663   929     2
e    663   990     1
e    664   672     2
e    664   695     2
e    664   697     1
e    664   698     2
e    664   711     2
e    664   718     1
e    664   721     1
e    664   722     1
e    664   724     5
e    664   750     1
e    664   758     1
e    664   759     1
e    664   775     1
e    664   784     2
e    664   786     2
e    664   788     2
e    664   790     1
e    664   791     2
e    664   793     2
e    664   795     2
e    664   797     2
e    664   799     2
e    664   806     1
e    664   815     2
e    664   818     1
e    664   824     1
e    664   826     1
e    664   827     2
e    664   843     1
e    664   857     2
e    664   861     2
e    664   862     1
e    664   864     1
e    664   871     2
e    664   875     2
e    664   877     1
e    664   878     1
e    664   894     1
e    664   896     1
e    664   898     1
e    664   899     1
e    664   900     1
e    664   901     1
e    664   902     1
e    664   909     1
e    664   910     2
e    664   912     2
e    664   919     2
e    664   921     2
e    664   923     2
e    664   925     2
e    664   927     2
e    664   929     2
e    664   990     1
e    665   666    45
e    665   696     2
e    665   699     2
e    665   712     1
e    665   719     1
e    665   723     1
e    665   778     1
e    665   780     1
e    665   783     1
e    665   785     2
e    665   787     2
e    665   789     2
e    665   792     2
e    665   794     2
e    665   796     2
e    665   798     2
e    665   800     2
e    665   807     1
e    665   819     1
e    665   876     2
e    665   879     1
e    665   911     2
e    665   913     2
e    665   920     2
e    665   922     2
e    665   924     2
e    665   926     2
e    665   928     2
e    665   930     2
e    666   696     2
e    666   699     2
e    666   712     2
e    666   719     1
e    666   723     1
e    666   778     1
e    666   780     1
e    666   783     1
e    666   785     2
e    666   787     2
e    666   789     2
e    666   792     2
e    666   794     2
e    666   796     2
e    666   798     2
e    666   800     2
e    666   807     1
e    666   819     1
e    666   876     2
e    666   879     1
e    666   911     2
e    666   913     2
e    666   920     2
e    666   922     2
e    666   924     2
e    666   926     2
e    666   928     2
e    666   930     2
e    668   732     1
e    669   852     2
e    670   711     1
e    670   838     2
e    671   879     1
e    672   673     2
e    672   674     2
e    672   675     2
e    672   677     2
e    672   711     2
e    672   713     2
e    672   724     3
e    672   734     1
e    672   756     1
e    672   769     2
e    672   770     1
e    672   771     2
e    672   772     1
e    672   775     1
e    672   777     2
e    672   862     2
e    672   878     1
e    672   879     1
e    672   972     1
e    672   975     1
e    672   977     2
e    672   978     1
e    672   981     1
e    673   676     2
e    673   680     2
e    673   776     1
e    675   677     2
e    676   680     2
e    677   678     1
e    677   775     1
e    678   767     1
e    678   775     3
e    679   680     1
e    679   768     1
e    679   776     3
e    680   776     1
e    681   775     2
e    682   684     1
e    683   776     1
e    685   831     1
e    685   833     1
e    686   877     1
e    687   724     2
e    688   689     2
e    692   695     1
e    692   697     1
e    692   775     1
e    693   694     1
e    693   775     1
e    694   695     1
e    694   724     2
e    694   775     1
e    694   897     1
e    695   696     2
e    695   697     2
e    695   724     1
e    695   927     2
e    696   928     2
e    697   724     1
e    697   775     1
e    697   898     2
e    698   699     2
e    698   925     2
e    699   926     2
e    700   724     1
e    700   918     1
e    701   721     1
e    702   703     1
e    704   711     1
e    705   711     1
e    706   707     2
e    709   710     2
e    709   724     2
e    709   775     2
e    709   838     4
e    709   965     2
e    709   966     2
e    710   775     2
e    710   971     1
e    711   712    10
e    711   714     1
e    711   726     2
e    711   727     1
e    711   737     1
e    711   748     2
e    711   750     1
e    711   751     1
e    711   754     2
e    711   767     1
e    711   771     1
e    711   772     1
e    711   775     2
e    711   777     1
e    711   802     1
e    711   809     1
e    711   812     4
e    711   833     1
e    711   844     1
e    711   850     1
e    711   857     1
e    711   858     1
e    711   862     1
e    711   863     1
e    711   869     2
e    711   878     3
e    711   880     2
e    711   882     1
e    711   885     1
e    711   889     3
e    711   890     2
e    711   971     1
e    711   972     4
e    711   974     2
e    711   975     2
e    711   978     3
e    711   981     2
e    711   984     2
e    711   985     3
e    711   986     1
e    712   742     1
e    712   743     1
e    712   776     1
e    712   862     1
e    712   863     3
e    712   865     2
e    712   879     1
e    713   862     2
e    714   715     2
e    714   748     1
e    714   777     1
e    716   717     2
e    720   724     1
e    720   805     1
e    722   806    10
e    722   871     1
e    722   967     1
e    722   981     1
e    723   807     1
e    724   725     2
e    724   731     1
e    724   750     1
e    724   760     1
e    724   761     1
e    724   762     1
e    724   769     4
e    724   770     3
e    724   771     2
e    724   772     1
e    724   773     2
e    724   774     2
e    724   805     1
e    724   826     1
e    724   838     2
e    724   857     1
e    724   861     1
e    724   874     2
e    724   877     2
e    724   893     1
e    724   894     1
e    724   895     1
e    724   896     1
e    724   897     1
e    724   898     1
e    724   905     1
e    724   914     1
e    724   915     1
e    724   916     1
e    724   917     1
e    724   918     1
e    728   729     2
e    728   775     1
e    728   801     1
e    729   776     1
e    731   750     2
e    732   733     1
e    735   758     1
e    737   738     2
e    737   739     1
e    737   775     3
e    738   776     2
e    739   744     1
e    739   831     1
e    739   833     1
e    740   745     1
e    740   746     1
e    740   831     1
e    740   833     1
e    741   747     1
e    742   743     1
e    743   851     2
e    744   745     1
e    744   831     2
e    744   833     2
e    745   831     2
e    745   833     2
e    748   749     2
e    748   777     1
e    748   844     1
e    750   751     2
e    750   857     1
e    752   753     1
e    755   820     2
e    759   861     1
e    759   931     1
e    760   762     1
e    764   972     2
e    765   766     1
e    766   833     1
e    766   855     1
e    767   768     2
e    767   775     1
e    768   776     1
e    769   770     1
e    769   771     2
e    769   773     2
e    770   772     1
e    770   774     2
e    771   772     2
e    773   774     1
e    773   983     1
e    775   801     1
e    775   818     1
e    775   820     1
e    775   833     1
e    775   869     1
e    775   872     1
e    775   873     1
e    775   874     1
e    775   877     1
e    775   885     1
e    775   931     1
e    775   934     1
e    775   935     1
e    775   936     1
e    775   937     1
e    775   939     1
e    775   941     1
e    775   942     1
e    775   943     1
e    775   945     1
e    775   946     1
e    775   947     1
e    775   950     1
e    775   951     1
e    775   952     1
e    775   954     1
e    775   955     1
e    775   956     1
e    775   957     1
e    775   958     1
e    775   959     1
e    775   960     1
e    775   962     1
e    775   968     2
e    775   969     2
e    775   970     2
e    775   971     1
e    775   972     1
e    775   981     6
e    775   984     1
e    775   986     2
e    776   938     1
e    776   940     1
e    776   944     1
e    776   948     1
e    776   949     2
e    776   953     1
e    776   961     1
e    777   778     2
e    777   779     2
e    778   814     1
e    778   829     1
e    778   847     1
e    781   782     2
e    781   878     1
e    782   783     1
e    784   910     1
e    785   911     1
e    786   912     1
e    787   913     1
e    788   919     1
e    789   920     1
e    792   924     1
e    793   921     1
e    794   922     1
e    795   927     1
e    796   928     1
e    797   925     1
e    798   926     1
e    799   929     1
e    800   930     1
e    802   803     1
e    803   815     4
e    803   967     1
e    803   981     1
e    804   867     1
e    806   871     1
e    806   967     1
e    806   981     1
e    808   809     1
e    809   810     2
e    813   814     2
e    813   822     1
e    814   823     1
e    815   816     2
e    815   827     2
e    815   967     1
e    815   981     1
e    818   820     1
e    826   861     1
e    827   828     2
e    830   833     2
e    831   832     2
e    831   833     9
e    831   845     1
e    831   980     1
e    831   990     1
e    832   834     2
e    832   965     1
e    833   834     2
e    833   835     2
e    833   837     1
e    833   845     1
e    833   855     1
e    833   980     1
e    833   990     1
e    834   965     1
e    835   855     1
e    835   856     1
e    838   965     2
e    838   966     2
e    839   840     1
e    843   844     1
e    845   980     1
e    846   847     2
e    848   869     1
e    850   851     1
e    853   854     2
e    855   856     1
e    855   859     1
e    855   965     1
e    855   966     1
e    856   860     1
e    857   858     2
e    862   863     4
e    862   864     1
e    862   866     2
e    863   865     2
e    867   868     1
e    869   870     1
e    872   875     1
e    872   877     1
e    873   874     1
e    874   877     1
e    874   893     1
e    875   876     2
e    875   877     2
e    875   929     2
e    876   930     2
e    877   894     2
e    878   879     2
e    878   880     2
e    882   883     1
e    882   885     1
e    882   887     1
e    883   884     1
e    883   885     2
e    883   886     1
e    889   890     2
e    890   891     2
e    892   905     1
e    892   906     1
e    892   907     1
e    892   908     1
e    893   906     1
e    894   906     1
e    895   907     1
e    896   907     1
e    897   908     1
e    898   908     1
e    965   966    10
e    967   969     3
e    967   970     1
e    967   971     4
e    967   981     3
e    968   969     4
e    968   981     2
e    969   981     2
e    970   981     2
e    971   972     1
e    971   978     3
e    972   973     1
e    972   978     2
e    974   975     2
e    974   976     2
e    974   977     2
e    978   979     1
e    984   985     2
e    984   986     1
e    984   987     2
e    985   986     1
e    985   988     1
e    990   991     2
